E_Coor
0 0
E_Direction
270
E_Spread
359
E_Life
0.201
E_LoopMode
FALSE
E_Emission
800
E_Gravity
0 0
E_Type
3 10
P_Texture
particle.png
32 32
P_Frame
1 1
P_Life
1.000 0.000
P_ColorMode
0
P_BlendMode
0
P_Color
12 0.00000 255 0 0 255 0.68473 255 128 64 254 0.80887 255 255 255 251 0.84039 255 255 255 1 0.86108 255 255 255 254 0.89064 255 255 255 1 0.90443 255 255 255 255 0.92414 255 255 255 1 0.93399 255 255 255 249 0.95862 255 255 255 1 0.98128 255 255 255 254 1.00000 250 129 56 1
P_Velocity
40 32 3 0.00000 0.51351 0.46502 0.56757 1.00000 -0.08108
P_AVelocity
31 0 2 0.00000 0.00000 1.00000 0.00000
P_Size
0.81000 0.19000 5 0.00000 0.29268 0.10739 0.63415 0.24729 1.41463 0.75764 1.46341 1.00000 0.46341
P_StartAngle
0 0
P_Spin
0 0 2 0.00000 -0.01361 0.99902 -0.01361
