E_Coor
0 0
E_Size
1 1
E_Direction
270
E_Spread
359
E_Life
0.401
E_LoopMode
TRUE
E_Emission
1024
E_Gravity
0 0
P_Texture
particle.png
32 32
P_Frame
1 1
P_Life
1.315 5.382
P_ColorMode
0
P_BlendMode
0
P_Color
4 0.00000 255 0 0 255 0.27362 255 255 0 255 0.50295 255 128 0 255 0.99902 128 64 64 255
P_Velocity
89 4 3 0.00000 2.00000 0.49902 1.62162 0.99902 -1.97297
P_AVelocity
240 343 3 0.00000 0.00000 0.49902 0.02703 0.99902 -1.97297
P_Size
0.64000 0.20000 3 0.00000 1.00000 0.55108 1.00794 0.99866 0.00794
P_StartAngle
0 0
P_Spin
93 900 3 0.00000 2.00000 0.48622 -1.97279 0.99902 1.94558
