E_Coor
0 0
E_Direction
0
E_Spread
359
E_Life
0.201
E_LoopMode
FALSE
E_Emission
800
E_Gravity
0 0
E_Type
3 10
P_ParticlesPositionsRelativeToEmitterPosition
FALSE
P_Texture
sphere_particle.png
32 32
P_Frame
0 0
P_Life
1.515 0.000
P_ColorMode
0
P_BlendMode
1
P_Color
12 0.00000 255 255 0 255 0.55074 255 255 0 31 0.58030 0 255 255 255 0.61773 0 255 255 1 0.65714 0 255 255 255 0.69557 0 255 255 1 0.73103 0 255 255 249 0.77537 0 255 255 1 0.81478 0 255 255 255 0.85517 0 255 255 1 0.86010 0 255 255 254 1.00000 0 255 255 1
P_Velocity
40 32 3 0.00000 0.51351 0.46502 0.56757 1.00000 -0.08108
P_AVelocity
31 0 2 0.00000 0.00000 1.00000 0.00000
P_Size
0.81000 0.19000 5 0.00000 0.29268 0.10739 0.63415 0.24729 1.41463 0.75764 1.46341 1.00000 0.46341
P_StartAngle
0 0
P_Spin
0 0 2 0.00000 -0.01361 1.0 -0.01361
