E_Coor
0 0
E_Direction
270
E_Spread
184
E_Life
0.168
E_LoopMode
FALSE
E_Emission
478
E_Gravity
0 0
E_Type
0
P_Texture
particle.png
32 32
P_Frame
1 1
P_Life
1.000 0.000
P_ColorMode
0
P_BlendMode
1
P_Color
13 0.00000 0 0 0 1 0.11429 0 255 255 254 0.53202 0 179 179 252 0.80887 255 255 255 251 0.84039 255 255 255 1 0.86108 255 255 255 254 0.89064 255 255 255 1 0.90443 255 255 255 255 0.92414 255 255 255 1 0.93399 255 255 255 249 0.95862 255 255 255 1 0.98128 255 255 255 254 1.00000 250 129 56 1
P_Velocity
94 106 5 0.00000 0.51351 0.32414 1.40541 0.50640 1.56757 0.65222 1.29730 1.00000 -0.18919
P_AVelocity
1 0 2 0.00000 0.00000 1.00000 0.00000
P_Size
0.62000 0.09000 5 0.00000 0.29268 0.10739 0.63415 0.24729 1.41463 0.75764 1.46341 1.00000 0.46341
P_StartAngle
0 0
P_Spin
0 0 2 0.00000 -0.01361 1.0 -0.01361
