E_Coor
0 0
E_Direction
270
E_Spread
0
E_Life
3.000
E_LoopMode
TRUE
E_Emission
104
E_Gravity
0 0
E_Type
1 25
P_Texture
particle.png
32 32
P_Frame
1 1
P_Life
3.962 0.000
P_ColorMode
0
P_BlendMode
0
P_Color
9 0.00000 255 255 128 255 0.13498 0 255 255 255 0.26010 255 0 255 255 0.37931 255 255 0 251 0.51429 255 0 0 251 0.63744 0 255 0 255 0.71232 128 0 255 255 0.81773 255 0 0 252 1.00000 255 0 0 1
P_Velocity
110 31 2 0.00000 0.00000 1.00000 0.00000
P_AVelocity
0 0 9 0.00000 -1.51351 0.10542 1.83784 0.20394 -1.97297 0.35172 1.86486 0.48867 -1.97297 0.64039 1.94595 0.77438 -1.91892 0.88571 1.64865 1.00000 -1.62162
P_Size
0.40000 0.12000 2 0.00000 1.04878 1.00000 2.51220
P_StartAngle
0 0
P_Spin
0 0 2 0.00000 -0.01361 0.99902 -0.01361
