E_Coor
0 0
E_GlobalOpacity
255
E_Direction
162
E_Spread
359
E_Life
1,000
E_LoopMode
TRUE
E_Emission
1024
E_Gravity
0 0
E_Type
0
P_ParticlesPositionsRelativeToEmitterPosition
FALSE
P_Texture
particle.png
32 32
P_Frame
1 1
P_Life
0,333 0,000
P_ColorMode
1
P_BlendMode
1
P_Color
14 0,00000 255 255 255 255 0,02069 255 255 255 1 0,04335 255 255 255 255 0,06108 255 255 255 1 0,08768 255 255 255 254 0,11133 255 255 255 1 0,14680 255 255 255 254 0,16256 255 255 255 1 0,19015 255 255 255 252 0,21182 0 255 0 255 0,37241 255 0 128 255 0,61773 0 255 255 255 0,87192 255 255 0 245 1,00000 255 0 0 1
P_Velocity
400 4 3 0,00000 2,00000 0,49902 1,62162 1,00000 -1,97297
P_AVelocity
364 0 3 0,00000 0,00000 0,49902 0,02703 1,00000 -1,97297
P_Size
0,64000 0,20000 3 0,00000 1,00000 0,55108 1,00794 1,00000 0,00794
P_StartAngle
0 0
P_Spin
0 0 2 0,00000 2,00000 1,00000 -0,91156
